0 0.9078125 0.8734375 0.159375 0.134375
0 0.92109375 0.63359375 0.1359375 0.13125
0 0.9171875 0.09453125 0.128125 0.09375
0 0.6015625 0.85234375 0.19375 0.1234375
0 0.5875 0.62890625 0.225 0.1765625
0 0.63203125 0.40390625 0.234375 0.1625
0 0.65546875 0.12734375 0.196875 0.159375
0 0.36796875 0.82734375 0.159375 0.1296875
0 0.11640625 0.9015625 0.1421875 0.10625
0 0.36953125 0.6203125 0.15 0.121875
0 0.3828125 0.378125 0.215625 0.140625
0 0.16171875 0.3734375 0.13125 0.115625
0 0.15234375 0.115625 0.184375 0.1375
0 0.4078125 0.12421875 0.1921875 0.14375