0 0.1265625 0.0921875 0.134375 0.159375
0 0.36640625 0.07890625 0.13125 0.1359375
0 0.90546875 0.0828125 0.09375 0.128125
0 0.14765625 0.3984375 0.1234375 0.19375
0 0.37109375 0.4125 0.1765625 0.225
0 0.59609375 0.36796875 0.1625 0.234375
0 0.87265625 0.34453125 0.159375 0.196875
0 0.17265625 0.63203125 0.1296875 0.159375
0 0.0984375 0.88359375 0.10625 0.1421875
0 0.3796875 0.63046875 0.121875 0.15
0 0.621875 0.6171875 0.140625 0.215625
0 0.6265625 0.83828125 0.115625 0.13125
0 0.884375 0.84765625 0.1375 0.184375
0 0.87578125 0.5921875 0.14375 0.1921875